0.03899	-0.05566	-0.11374	-0.16453	-0.20396	-0.20968	-0.12747	-0.19682	-0.15146	-0.21897	-0.35143	-0.15739	-0.38006	-0.26774	-0.33117	-0.24194	-0.20391	-0.42109	-0.13645	-0.06103	-0.34846	-0.30391	-0.25389	-0.42728	-0.32919	-0.00198	-0.47835	-0.50834	-0.55965	-0.55871	-0.87111	-0.56069	0.13186
0.01264	-0.08200	-0.14008	-0.19087	-0.23030	-0.23603	-0.15381	-0.22317	-0.17780	-0.24531	-0.37777	-0.18373	-0.40640	-0.29408	-0.35751	-0.26829	-0.23025	-0.44743	-0.16280	-0.08737	-0.37480	-0.33026	-0.28023	-0.45362	-0.35554	-0.02832	-0.50469	-0.53468	-0.58599	-0.58506	-0.89745	-0.58703	0.10552
-0.01375	-0.10839	-0.16648	-0.21726	-0.25670	-0.26242	-0.18021	-0.24956	-0.20419	-0.27170	-0.40416	-0.21012	-0.43279	-0.32047	-0.38390	-0.29468	-0.25664	-0.47382	-0.18919	-0.11376	-0.40120	-0.35665	-0.30662	-0.48001	-0.38193	-0.05471	-0.53108	-0.56108	-0.61238	-0.61145	-0.92384	-0.61342	0.07913
-0.05541	-0.15006	-0.20814	-0.25893	-0.29836	-0.30408	-0.22187	-0.29122	-0.24585	-0.31337	-0.44582	-0.25179	-0.47446	-0.36213	-0.42557	-0.33634	-0.29831	-0.51549	-0.23085	-0.15542	-0.44286	-0.39831	-0.34828	-0.52167	-0.42359	-0.09638	-0.57275	-0.60274	-0.65405	-0.65311	-0.96551	-0.65508	0.03747
-0.02911	-0.12376	-0.18184	-0.23263	-0.27206	-0.27778	-0.19557	-0.26492	-0.21955	-0.28707	-0.41952	-0.22549	-0.44815	-0.33583	-0.39926	-0.31004	-0.27201	-0.48918	-0.20455	-0.12912	-0.41656	-0.37201	-0.32198	-0.49537	-0.39729	-0.07007	-0.54645	-0.57644	-0.62775	-0.62681	-0.93921	-0.62878	0.06377
-0.10448	-0.19912	-0.25721	-0.30799	-0.34743	-0.35315	-0.27094	-0.34029	-0.29492	-0.36244	-0.49489	-0.30085	-0.52352	-0.41120	-0.47463	-0.38541	-0.34738	-0.56455	-0.27992	-0.20449	-0.49193	-0.44738	-0.39735	-0.57074	-0.47266	-0.14544	-0.62182	-0.65181	-0.70312	-0.70218	-1.01458	-0.70415	-0.01160
0.00347	-0.09118	-0.14926	-0.20005	-0.23948	-0.24520	-0.16299	-0.23234	-0.18697	-0.25449	-0.38694	-0.19291	-0.41557	-0.30325	-0.36668	-0.27746	-0.23943	-0.45661	-0.17197	-0.09654	-0.38398	-0.33943	-0.28940	-0.46279	-0.36471	-0.03750	-0.51387	-0.54386	-0.59517	-0.59423	-0.90663	-0.59620	0.09635
-0.09239	-0.18704	-0.24512	-0.29591	-0.33534	-0.34106	-0.25885	-0.32820	-0.28283	-0.35035	-0.48281	-0.28877	-0.51144	-0.39912	-0.46255	-0.37332	-0.33529	-0.55247	-0.26783	-0.19240	-0.47984	-0.43529	-0.38526	-0.55865	-0.46057	-0.13336	-0.60973	-0.63972	-0.69103	-0.69009	-1.00249	-0.69207	0.00049
-0.01863	-0.11328	-0.17136	-0.22215	-0.26158	-0.26730	-0.18509	-0.25444	-0.20907	-0.27659	-0.40904	-0.21501	-0.43768	-0.32535	-0.38878	-0.29956	-0.26153	-0.47871	-0.19407	-0.11864	-0.40608	-0.36153	-0.31150	-0.48489	-0.38681	-0.05960	-0.53597	-0.56596	-0.61727	-0.61633	-0.92873	-0.61830	0.07425
-0.09455	-0.18919	-0.24728	-0.29806	-0.33750	-0.34322	-0.26101	-0.33036	-0.28499	-0.35251	-0.48496	-0.29093	-0.51359	-0.40127	-0.46470	-0.37548	-0.33745	-0.55462	-0.26999	-0.19456	-0.48200	-0.43745	-0.38742	-0.56081	-0.46273	-0.13551	-0.61189	-0.64188	-0.69319	-0.69225	-1.00465	-0.69422	-0.00167
-0.16396	-0.25861	-0.31669	-0.36748	-0.40691	-0.41263	-0.33042	-0.39977	-0.35441	-0.42192	-0.55438	-0.36034	-0.58301	-0.47069	-0.53412	-0.44489	-0.40686	-0.62404	-0.33940	-0.26398	-0.55141	-0.50686	-0.45684	-0.63023	-0.53214	-0.20493	-0.68130	-0.71129	-0.76260	-0.76166	-1.07406	-0.76364	-0.07109
-0.02421	-0.11885	-0.17694	-0.22772	-0.26715	-0.27288	-0.19066	-0.26002	-0.21465	-0.28216	-0.41462	-0.22058	-0.44325	-0.33093	-0.39436	-0.30514	-0.26710	-0.48428	-0.19965	-0.12422	-0.41165	-0.36711	-0.31708	-0.49047	-0.39239	-0.06517	-0.54154	-0.57153	-0.62284	-0.62191	-0.93430	-0.62388	0.06867
-0.24642	-0.34107	-0.39915	-0.44994	-0.48937	-0.49509	-0.41288	-0.48223	-0.43687	-0.50438	-0.63684	-0.44280	-0.66547	-0.55315	-0.61658	-0.52735	-0.48932	-0.70650	-0.42186	-0.34644	-0.63387	-0.58932	-0.53930	-0.71269	-0.61460	-0.28739	-0.76376	-0.79375	-0.84506	-0.84412	-1.15652	-0.84610	-0.15355
-0.12280	-0.21744	-0.27553	-0.32631	-0.36575	-0.37147	-0.28926	-0.35861	-0.31324	-0.38075	-0.51321	-0.31917	-0.54184	-0.42952	-0.49295	-0.40373	-0.36569	-0.58287	-0.29824	-0.22281	-0.51025	-0.46570	-0.41567	-0.58906	-0.49098	-0.16376	-0.64013	-0.67013	-0.72143	-0.72050	-1.03289	-0.72247	-0.02992
-0.16941	-0.26406	-0.32214	-0.37293	-0.41236	-0.41808	-0.33587	-0.40522	-0.35985	-0.42737	-0.55982	-0.36579	-0.58845	-0.47613	-0.53956	-0.45034	-0.41231	-0.62948	-0.34485	-0.26942	-0.55686	-0.51231	-0.46228	-0.63567	-0.53759	-0.21037	-0.68675	-0.71674	-0.76805	-0.76711	-1.07951	-0.76908	-0.07653
-0.14236	-0.23701	-0.29509	-0.34588	-0.38531	-0.39103	-0.30882	-0.37817	-0.33280	-0.40032	-0.53277	-0.33874	-0.56141	-0.44908	-0.51252	-0.42329	-0.38526	-0.60244	-0.31780	-0.24237	-0.52981	-0.48526	-0.43523	-0.60862	-0.51054	-0.18333	-0.65970	-0.68969	-0.74100	-0.74006	-1.05246	-0.74203	-0.04948
-0.08275	-0.17739	-0.23547	-0.28626	-0.32569	-0.33142	-0.24920	-0.31856	-0.27319	-0.34070	-0.47316	-0.27912	-0.50179	-0.38947	-0.45290	-0.36367	-0.32564	-0.54282	-0.25819	-0.18276	-0.47019	-0.42565	-0.37562	-0.54901	-0.45093	-0.12371	-0.60008	-0.63007	-0.68138	-0.68044	-0.99284	-0.68242	0.01013
-0.28661	-0.38126	-0.43934	-0.49013	-0.52956	-0.53528	-0.45307	-0.52242	-0.47705	-0.54457	-0.67702	-0.48299	-0.70566	-0.59333	-0.65677	-0.56754	-0.52951	-0.74669	-0.46205	-0.38662	-0.67406	-0.62951	-0.57948	-0.75287	-0.65479	-0.32758	-0.80395	-0.83394	-0.88525	-0.88431	-1.19671	-0.88628	-0.19373
-0.02786	-0.12250	-0.18058	-0.23137	-0.27080	-0.27653	-0.19431	-0.26366	-0.21830	-0.28581	-0.41827	-0.22423	-0.44690	-0.33458	-0.39801	-0.30878	-0.27075	-0.48793	-0.20329	-0.12787	-0.41530	-0.37075	-0.32073	-0.49412	-0.39603	-0.06882	-0.54519	-0.57518	-0.62649	-0.62555	-0.93795	-0.62753	0.06502
0.06567	-0.02897	-0.08706	-0.13784	-0.17728	-0.18300	-0.10079	-0.17014	-0.12477	-0.19228	-0.32474	-0.13070	-0.35337	-0.24105	-0.30448	-0.21526	-0.17722	-0.39440	-0.10977	-0.03434	-0.32178	-0.27723	-0.22720	-0.40059	-0.30251	0.02471	-0.45167	-0.48166	-0.53296	-0.53203	-0.84442	-0.53400	0.15855
-0.21437	-0.30901	-0.36710	-0.41788	-0.45732	-0.46304	-0.38083	-0.45018	-0.40481	-0.47233	-0.60478	-0.41074	-0.63341	-0.52109	-0.58452	-0.49530	-0.45727	-0.67444	-0.38981	-0.31438	-0.60182	-0.55727	-0.50724	-0.68063	-0.58255	-0.25533	-0.73171	-0.76170	-0.81301	-0.81207	-1.12446	-0.81404	-0.12149
-0.18161	-0.27626	-0.33434	-0.38513	-0.42456	-0.43028	-0.34807	-0.41742	-0.37206	-0.43957	-0.57203	-0.37799	-0.60066	-0.48834	-0.55177	-0.46254	-0.42451	-0.64169	-0.35705	-0.28162	-0.56906	-0.52451	-0.47448	-0.64787	-0.54979	-0.22258	-0.69895	-0.72894	-0.78025	-0.77931	-1.09171	-0.78129	-0.08873
-0.13635	-0.23100	-0.28908	-0.33987	-0.37930	-0.38502	-0.30281	-0.37216	-0.32680	-0.39431	-0.52677	-0.33273	-0.55540	-0.44308	-0.50651	-0.41728	-0.37925	-0.59643	-0.31179	-0.23637	-0.52380	-0.47925	-0.42923	-0.60262	-0.50453	-0.17732	-0.65369	-0.68368	-0.73499	-0.73405	-1.04645	-0.73603	-0.04348
-0.29260	-0.38725	-0.44533	-0.49612	-0.53555	-0.54127	-0.45906	-0.52841	-0.48305	-0.55056	-0.68302	-0.48898	-0.71165	-0.59933	-0.66276	-0.57353	-0.53550	-0.75268	-0.46804	-0.39262	-0.68005	-0.63550	-0.58548	-0.75887	-0.66078	-0.33357	-0.80994	-0.83993	-0.89124	-0.89030	-1.20270	-0.89228	-0.19973
-0.18353	-0.27817	-0.33626	-0.38704	-0.42648	-0.43220	-0.34999	-0.41934	-0.37397	-0.44148	-0.57394	-0.37990	-0.60257	-0.49025	-0.55368	-0.46446	-0.42642	-0.64360	-0.35897	-0.28354	-0.57098	-0.52643	-0.47640	-0.64979	-0.55171	-0.22449	-0.70086	-0.73086	-0.78216	-0.78123	-1.09362	-0.78320	-0.09065
0.01403	-0.08062	-0.13870	-0.18949	-0.22892	-0.23464	-0.15243	-0.22178	-0.17642	-0.24393	-0.37639	-0.18235	-0.40502	-0.29270	-0.35613	-0.26690	-0.22887	-0.44605	-0.16141	-0.08599	-0.37342	-0.32887	-0.27885	-0.45224	-0.35415	-0.02694	-0.50331	-0.53330	-0.58461	-0.58367	-0.89607	-0.58565	0.10690
-0.33661	-0.43126	-0.48934	-0.54013	-0.57956	-0.58528	-0.50307	-0.57242	-0.52705	-0.59457	-0.72702	-0.53299	-0.75565	-0.64333	-0.70676	-0.61754	-0.57951	-0.79669	-0.51205	-0.43662	-0.72406	-0.67951	-0.62948	-0.80287	-0.70479	-0.37758	-0.85395	-0.88394	-0.93525	-0.93431	-1.24671	-0.93628	-0.24373
-0.31046	-0.40511	-0.46319	-0.51398	-0.55341	-0.55913	-0.47692	-0.54627	-0.50090	-0.56842	-0.70087	-0.50684	-0.72950	-0.61718	-0.68061	-0.59139	-0.55336	-0.77053	-0.48590	-0.41047	-0.69791	-0.65336	-0.60333	-0.77672	-0.67864	-0.35142	-0.82780	-0.85779	-0.90910	-0.90816	-1.22056	-0.91013	-0.21758
-0.41898	-0.51362	-0.57170	-0.62249	-0.66192	-0.66765	-0.58543	-0.65479	-0.60942	-0.67693	-0.80939	-0.61535	-0.83802	-0.72570	-0.78913	-0.69990	-0.66187	-0.87905	-0.59441	-0.51899	-0.80642	-0.76187	-0.71185	-0.88524	-0.78716	-0.45994	-0.93631	-0.96630	-1.01761	-1.01667	-1.32907	-1.01865	-0.32610
-0.40687	-0.50151	-0.55960	-0.61038	-0.64982	-0.65554	-0.57333	-0.64268	-0.59731	-0.66482	-0.79728	-0.60324	-0.82591	-0.71359	-0.77702	-0.68780	-0.64976	-0.86694	-0.58231	-0.50688	-0.79432	-0.74977	-0.69974	-0.87313	-0.77505	-0.44783	-0.92420	-0.95420	-1.00550	-1.00457	-1.31696	-1.00654	-0.31399
-0.83568	-0.93032	-0.98840	-1.03919	-1.07862	-1.08434	-1.00213	-1.07148	-1.02612	-1.09363	-1.22609	-1.03205	-1.25472	-1.14240	-1.20583	-1.11660	-1.07857	-1.29575	-1.01111	-0.93569	-1.22312	-1.17857	-1.12855	-1.30194	-1.20385	-0.87664	-1.35301	-1.38300	-1.43431	-1.43337	-1.74577	-1.43535	-0.74280
-0.41682	-0.51147	-0.56955	-0.62034	-0.65977	-0.66549	-0.58328	-0.65263	-0.60726	-0.67478	-0.80723	-0.61320	-0.83587	-0.72354	-0.78698	-0.69775	-0.65972	-0.87690	-0.59226	-0.51683	-0.80427	-0.75972	-0.70969	-0.88308	-0.78500	-0.45779	-0.93416	-0.96415	-1.01546	-1.01452	-1.32692	-1.01649	-0.32394
0.13318	0.03853	-0.01955	-0.07034	-0.10977	-0.11549	-0.03328	-0.10263	-0.05726	-0.12478	-0.25723	-0.06320	-0.28586	-0.17354	-0.23697	-0.14775	-0.10972	-0.32690	-0.04226	0.03317	-0.25427	-0.20972	-0.15969	-0.33308	-0.23500	0.09221	-0.38416	-0.41415	-0.46546	-0.46452	-0.77692	-0.46649	0.22606
